X_train of shape: (3636, 250)
y_train of shape: (3636,)
X_test of shape: (910, 250)
y_test of shape: (910,)
X_train of shape: (2908, 250)
y_train of shape: (2908,)
X_val of shape: (728, 250)
y_val of shape: (728,)
X_test of shape: (910, 250)
y_test of shape: (910,)
Start grid search at 2019-01-04 23:56:39.310689
{'split4_test_score': array([0.76712329, 0.83561644, 0.8630137 , 0.76712329, 0.83561644,
       0.8630137 , 0.76712329, 0.83561644, 0.8630137 , 0.76712329,
       0.83561644, 0.8630137 , 0.76712329, 0.83561644, 0.8630137 ,
       0.76712329, 0.83561644, 0.8630137 , 0.76712329, 0.83561644,
       0.8630137 , 0.76712329, 0.83561644, 0.8630137 , 0.76712329,
       0.83561644, 0.8630137 , 0.76712329, 0.83561644, 0.8630137 ,
       0.76712329, 0.83561644, 0.8630137 , 0.76712329, 0.83561644,
       0.8630137 , 0.76712329, 0.83561644, 0.8630137 , 0.76712329,
       0.83561644, 0.8630137 , 0.76712329, 0.83561644, 0.8630137 ,
       0.76712329, 0.83561644, 0.8630137 ]), 'split7_test_score': array([0.76712329, 0.89041096, 0.89041096, 0.76712329, 0.89041096,
       0.89041096, 0.76712329, 0.89041096, 0.89041096, 0.76712329,
       0.89041096, 0.89041096, 0.76712329, 0.89041096, 0.89041096,
       0.76712329, 0.89041096, 0.89041096, 0.76712329, 0.89041096,
       0.89041096, 0.76712329, 0.89041096, 0.89041096, 0.76712329,
       0.89041096, 0.89041096, 0.76712329, 0.89041096, 0.89041096,
       0.76712329, 0.89041096, 0.89041096, 0.76712329, 0.89041096,
       0.89041096, 0.76712329, 0.89041096, 0.89041096, 0.76712329,
       0.89041096, 0.89041096, 0.76712329, 0.89041096, 0.89041096,
       0.76712329, 0.89041096, 0.89041096]), 'param_gamma': masked_array(data=[0.004, 0.004, 0.004, 0.001, 0.001, 0.001, 0.01, 0.01,
                   0.01, 0.1, 0.1, 0.1, 0.004, 0.004, 0.004, 0.001, 0.001,
                   0.001, 0.01, 0.01, 0.01, 0.1, 0.1, 0.1, 0.004, 0.004,
                   0.004, 0.001, 0.001, 0.001, 0.01, 0.01, 0.01, 0.1, 0.1,
                   0.1, 0.004, 0.004, 0.004, 0.001, 0.001, 0.001, 0.01,
                   0.01, 0.01, 0.1, 0.1, 0.1],
             mask=[False, False, False, False, False, False, False, False,
                   False, False, False, False, False, False, False, False,
                   False, False, False, False, False, False, False, False,
                   False, False, False, False, False, False, False, False,
                   False, False, False, False, False, False, False, False,
                   False, False, False, False, False, False, False, False],
       fill_value='?',
            dtype=object), 'split5_train_score': array([0.76793893, 1.        , 1.        , 0.76793893, 1.        ,
       1.        , 0.76793893, 1.        , 1.        , 0.76793893,
       1.        , 1.        , 0.76793893, 1.        , 1.        ,
       0.76793893, 1.        , 1.        , 0.76793893, 1.        ,
       1.        , 0.76793893, 1.        , 1.        , 1.        ,
       1.        , 1.        , 1.        , 1.        , 1.        ,
       1.        , 1.        , 1.        , 1.        , 1.        ,
       1.        , 1.        , 1.        , 1.        , 1.        ,
       1.        , 1.        , 1.        , 1.        , 1.        ,
       1.        , 1.        , 1.        ]), 'mean_train_score': array([0.76785737, 1.        , 1.        , 0.76785737, 1.        ,
       1.        , 0.76785737, 1.        , 1.        , 0.76785737,
       1.        , 1.        , 0.76785737, 1.        , 1.        ,
       0.76785737, 1.        , 1.        , 0.76785737, 1.        ,
       1.        , 0.76785737, 1.        , 1.        , 1.        ,
       1.        , 1.        , 1.        , 1.        , 1.        ,
       1.        , 1.        , 1.        , 1.        , 1.        ,
       1.        , 1.        , 1.        , 1.        , 1.        ,
       1.        , 1.        , 1.        , 1.        , 1.        ,
       1.        , 1.        , 1.        ]), 'split6_train_score': array([0.76793893, 1.        , 1.        , 0.76793893, 1.        ,
       1.        , 0.76793893, 1.        , 1.        , 0.76793893,
       1.        , 1.        , 0.76793893, 1.        , 1.        ,
       0.76793893, 1.        , 1.        , 0.76793893, 1.        ,
       1.        , 0.76793893, 1.        , 1.        , 1.        ,
       1.        , 1.        , 1.        , 1.        , 1.        ,
       1.        , 1.        , 1.        , 1.        , 1.        ,
       1.        , 1.        , 1.        , 1.        , 1.        ,
       1.        , 1.        , 1.        , 1.        , 1.        ,
       1.        , 1.        , 1.        ]), 'split1_test_score': array([0.76712329, 0.8630137 , 0.84931507, 0.76712329, 0.8630137 ,
       0.84931507, 0.76712329, 0.8630137 , 0.84931507, 0.76712329,
       0.8630137 , 0.84931507, 0.76712329, 0.8630137 , 0.84931507,
       0.76712329, 0.8630137 , 0.84931507, 0.76712329, 0.8630137 ,
       0.84931507, 0.76712329, 0.8630137 , 0.84931507, 0.76712329,
       0.8630137 , 0.84931507, 0.76712329, 0.8630137 , 0.84931507,
       0.76712329, 0.8630137 , 0.84931507, 0.76712329, 0.8630137 ,
       0.84931507, 0.76712329, 0.8630137 , 0.84931507, 0.76712329,
       0.8630137 , 0.84931507, 0.76712329, 0.8630137 , 0.84931507,
       0.76712329, 0.8630137 , 0.84931507]), 'split2_test_score': array([0.76712329, 0.84931507, 0.89041096, 0.76712329, 0.84931507,
       0.89041096, 0.76712329, 0.84931507, 0.89041096, 0.76712329,
       0.84931507, 0.89041096, 0.76712329, 0.84931507, 0.89041096,
       0.76712329, 0.84931507, 0.89041096, 0.76712329, 0.84931507,
       0.89041096, 0.76712329, 0.84931507, 0.89041096, 0.76712329,
       0.84931507, 0.89041096, 0.76712329, 0.84931507, 0.89041096,
       0.76712329, 0.84931507, 0.89041096, 0.76712329, 0.84931507,
       0.89041096, 0.76712329, 0.84931507, 0.89041096, 0.76712329,
       0.84931507, 0.89041096, 0.76712329, 0.84931507, 0.89041096,
       0.76712329, 0.84931507, 0.89041096]), 'param_C': masked_array(data=[0.01, 0.01, 0.01, 0.01, 0.01, 0.01, 0.01, 0.01, 0.01,
                   0.01, 0.01, 0.01, 0.1, 0.1, 0.1, 0.1, 0.1, 0.1, 0.1,
                   0.1, 0.1, 0.1, 0.1, 0.1, 1, 1, 1, 1, 1, 1, 1, 1, 1, 1,
                   1, 1, 10, 10, 10, 10, 10, 10, 10, 10, 10, 10, 10, 10],
             mask=[False, False, False, False, False, False, False, False,
                   False, False, False, False, False, False, False, False,
                   False, False, False, False, False, False, False, False,
                   False, False, False, False, False, False, False, False,
                   False, False, False, False, False, False, False, False,
                   False, False, False, False, False, False, False, False],
       fill_value='?',
            dtype=object), 'split7_train_score': array([0.76793893, 1.        , 1.        , 0.76793893, 1.        ,
       1.        , 0.76793893, 1.        , 1.        , 0.76793893,
       1.        , 1.        , 0.76793893, 1.        , 1.        ,
       0.76793893, 1.        , 1.        , 0.76793893, 1.        ,
       1.        , 0.76793893, 1.        , 1.        , 1.        ,
       1.        , 1.        , 1.        , 1.        , 1.        ,
       1.        , 1.        , 1.        , 1.        , 1.        ,
       1.        , 1.        , 1.        , 1.        , 1.        ,
       1.        , 1.        , 1.        , 1.        , 1.        ,
       1.        , 1.        , 1.        ]), 'split0_test_score': array([0.76712329, 0.8630137 , 0.84931507, 0.76712329, 0.8630137 ,
       0.84931507, 0.76712329, 0.8630137 , 0.84931507, 0.76712329,
       0.8630137 , 0.84931507, 0.76712329, 0.8630137 , 0.84931507,
       0.76712329, 0.8630137 , 0.84931507, 0.76712329, 0.8630137 ,
       0.84931507, 0.76712329, 0.8630137 , 0.84931507, 0.76712329,
       0.8630137 , 0.84931507, 0.76712329, 0.8630137 , 0.84931507,
       0.76712329, 0.8630137 , 0.84931507, 0.76712329, 0.8630137 ,
       0.84931507, 0.76712329, 0.8630137 , 0.84931507, 0.76712329,
       0.8630137 , 0.84931507, 0.76712329, 0.8630137 , 0.84931507,
       0.76712329, 0.8630137 , 0.84931507]), 'split2_train_score': array([0.76793893, 1.        , 1.        , 0.76793893, 1.        ,
       1.        , 0.76793893, 1.        , 1.        , 0.76793893,
       1.        , 1.        , 0.76793893, 1.        , 1.        ,
       0.76793893, 1.        , 1.        , 0.76793893, 1.        ,
       1.        , 0.76793893, 1.        , 1.        , 1.        ,
       1.        , 1.        , 1.        , 1.        , 1.        ,
       1.        , 1.        , 1.        , 1.        , 1.        ,
       1.        , 1.        , 1.        , 1.        , 1.        ,
       1.        , 1.        , 1.        , 1.        , 1.        ,
       1.        , 1.        , 1.        ]), 'split1_train_score': array([0.76793893, 1.        , 1.        , 0.76793893, 1.        ,
       1.        , 0.76793893, 1.        , 1.        , 0.76793893,
       1.        , 1.        , 0.76793893, 1.        , 1.        ,
       0.76793893, 1.        , 1.        , 0.76793893, 1.        ,
       1.        , 0.76793893, 1.        , 1.        , 1.        ,
       1.        , 1.        , 1.        , 1.        , 1.        ,
       1.        , 1.        , 1.        , 1.        , 1.        ,
       1.        , 1.        , 1.        , 1.        , 1.        ,
       1.        , 1.        , 1.        , 1.        , 1.        ,
       1.        , 1.        , 1.        ]), 'split9_test_score': array([0.77464789, 0.92957746, 0.81690141, 0.77464789, 0.92957746,
       0.81690141, 0.77464789, 0.92957746, 0.81690141, 0.77464789,
       0.92957746, 0.81690141, 0.77464789, 0.92957746, 0.81690141,
       0.77464789, 0.92957746, 0.81690141, 0.77464789, 0.92957746,
       0.81690141, 0.77464789, 0.92957746, 0.81690141, 0.77464789,
       0.92957746, 0.81690141, 0.77464789, 0.92957746, 0.81690141,
       0.77464789, 0.92957746, 0.81690141, 0.77464789, 0.92957746,
       0.81690141, 0.77464789, 0.92957746, 0.81690141, 0.77464789,
       0.92957746, 0.81690141, 0.77464789, 0.92957746, 0.81690141,
       0.77464789, 0.92957746, 0.81690141]), 'split0_train_score': array([0.76793893, 1.        , 1.        , 0.76793893, 1.        ,
       1.        , 0.76793893, 1.        , 1.        , 0.76793893,
       1.        , 1.        , 0.76793893, 1.        , 1.        ,
       0.76793893, 1.        , 1.        , 0.76793893, 1.        ,
       1.        , 0.76793893, 1.        , 1.        , 1.        ,
       1.        , 1.        , 1.        , 1.        , 1.        ,
       1.        , 1.        , 1.        , 1.        , 1.        ,
       1.        , 1.        , 1.        , 1.        , 1.        ,
       1.        , 1.        , 1.        , 1.        , 1.        ,
       1.        , 1.        , 1.        ]), 'params': [{'gamma': 0.004, 'C': 0.01, 'kernel': 'rbf'}, {'gamma': 0.004, 'C': 0.01, 'kernel': 'linear'}, {'gamma': 0.004, 'C': 0.01, 'kernel': 'poly'}, {'gamma': 0.001, 'C': 0.01, 'kernel': 'rbf'}, {'gamma': 0.001, 'C': 0.01, 'kernel': 'linear'}, {'gamma': 0.001, 'C': 0.01, 'kernel': 'poly'}, {'gamma': 0.01, 'C': 0.01, 'kernel': 'rbf'}, {'gamma': 0.01, 'C': 0.01, 'kernel': 'linear'}, {'gamma': 0.01, 'C': 0.01, 'kernel': 'poly'}, {'gamma': 0.1, 'C': 0.01, 'kernel': 'rbf'}, {'gamma': 0.1, 'C': 0.01, 'kernel': 'linear'}, {'gamma': 0.1, 'C': 0.01, 'kernel': 'poly'}, {'gamma': 0.004, 'C': 0.1, 'kernel': 'rbf'}, {'gamma': 0.004, 'C': 0.1, 'kernel': 'linear'}, {'gamma': 0.004, 'C': 0.1, 'kernel': 'poly'}, {'gamma': 0.001, 'C': 0.1, 'kernel': 'rbf'}, {'gamma': 0.001, 'C': 0.1, 'kernel': 'linear'}, {'gamma': 0.001, 'C': 0.1, 'kernel': 'poly'}, {'gamma': 0.01, 'C': 0.1, 'kernel': 'rbf'}, {'gamma': 0.01, 'C': 0.1, 'kernel': 'linear'}, {'gamma': 0.01, 'C': 0.1, 'kernel': 'poly'}, {'gamma': 0.1, 'C': 0.1, 'kernel': 'rbf'}, {'gamma': 0.1, 'C': 0.1, 'kernel': 'linear'}, {'gamma': 0.1, 'C': 0.1, 'kernel': 'poly'}, {'gamma': 0.004, 'C': 1, 'kernel': 'rbf'}, {'gamma': 0.004, 'C': 1, 'kernel': 'linear'}, {'gamma': 0.004, 'C': 1, 'kernel': 'poly'}, {'gamma': 0.001, 'C': 1, 'kernel': 'rbf'}, {'gamma': 0.001, 'C': 1, 'kernel': 'linear'}, {'gamma': 0.001, 'C': 1, 'kernel': 'poly'}, {'gamma': 0.01, 'C': 1, 'kernel': 'rbf'}, {'gamma': 0.01, 'C': 1, 'kernel': 'linear'}, {'gamma': 0.01, 'C': 1, 'kernel': 'poly'}, {'gamma': 0.1, 'C': 1, 'kernel': 'rbf'}, {'gamma': 0.1, 'C': 1, 'kernel': 'linear'}, {'gamma': 0.1, 'C': 1, 'kernel': 'poly'}, {'gamma': 0.004, 'C': 10, 'kernel': 'rbf'}, {'gamma': 0.004, 'C': 10, 'kernel': 'linear'}, {'gamma': 0.004, 'C': 10, 'kernel': 'poly'}, {'gamma': 0.001, 'C': 10, 'kernel': 'rbf'}, {'gamma': 0.001, 'C': 10, 'kernel': 'linear'}, {'gamma': 0.001, 'C': 10, 'kernel': 'poly'}, {'gamma': 0.01, 'C': 10, 'kernel': 'rbf'}, {'gamma': 0.01, 'C': 10, 'kernel': 'linear'}, {'gamma': 0.01, 'C': 10, 'kernel': 'poly'}, {'gamma': 0.1, 'C': 10, 'kernel': 'rbf'}, {'gamma': 0.1, 'C': 10, 'kernel': 'linear'}, {'gamma': 0.1, 'C': 10, 'kernel': 'poly'}], 'rank_test_score': array([33,  1, 17, 33,  1, 17, 33,  1, 17, 33,  1, 17, 33,  1, 17, 33,  1,
       17, 33,  1, 17, 33,  1, 17, 33,  1, 17, 33,  1, 17, 33,  1, 17, 33,
        1, 17, 33,  1, 17, 33,  1, 17, 33,  1, 17, 33,  1, 17]), 'std_train_score': array([0.00024469, 0.        , 0.        , 0.00024469, 0.        ,
       0.        , 0.00024469, 0.        , 0.        , 0.00024469,
       0.        , 0.        , 0.00024469, 0.        , 0.        ,
       0.00024469, 0.        , 0.        , 0.00024469, 0.        ,
       0.        , 0.00024469, 0.        , 0.        , 0.        ,
       0.        , 0.        , 0.        , 0.        , 0.        ,
       0.        , 0.        , 0.        , 0.        , 0.        ,
       0.        , 0.        , 0.        , 0.        , 0.        ,
       0.        , 0.        , 0.        , 0.        , 0.        ,
       0.        , 0.        , 0.        ]), 'split9_train_score': array([0.76712329, 1.        , 1.        , 0.76712329, 1.        ,
       1.        , 0.76712329, 1.        , 1.        , 0.76712329,
       1.        , 1.        , 0.76712329, 1.        , 1.        ,
       0.76712329, 1.        , 1.        , 0.76712329, 1.        ,
       1.        , 0.76712329, 1.        , 1.        , 1.        ,
       1.        , 1.        , 1.        , 1.        , 1.        ,
       1.        , 1.        , 1.        , 1.        , 1.        ,
       1.        , 1.        , 1.        , 1.        , 1.        ,
       1.        , 1.        , 1.        , 1.        , 1.        ,
       1.        , 1.        , 1.        ]), 'split3_train_score': array([0.76793893, 1.        , 1.        , 0.76793893, 1.        ,
       1.        , 0.76793893, 1.        , 1.        , 0.76793893,
       1.        , 1.        , 0.76793893, 1.        , 1.        ,
       0.76793893, 1.        , 1.        , 0.76793893, 1.        ,
       1.        , 0.76793893, 1.        , 1.        , 1.        ,
       1.        , 1.        , 1.        , 1.        , 1.        ,
       1.        , 1.        , 1.        , 1.        , 1.        ,
       1.        , 1.        , 1.        , 1.        , 1.        ,
       1.        , 1.        , 1.        , 1.        , 1.        ,
       1.        , 1.        , 1.        ]), 'mean_fit_time': array([0.10782771, 0.05271523, 0.07922158, 0.09753003, 0.05532315,
       0.07742355, 0.10943561, 0.05291889, 0.07792535, 0.1108321 ,
       0.05181999, 0.07732027, 0.10913329, 0.05091453, 0.07732866,
       0.10012715, 0.05321479, 0.07832708, 0.11122854, 0.05152135,
       0.07912233, 0.1108356 , 0.05111463, 0.07872524, 0.11203232,
       0.05301862, 0.07802017, 0.10152967, 0.05301857, 0.07752333,
       0.11182892, 0.05332081, 0.07912524, 0.11143377, 0.05441575,
       0.07892313, 0.11273777, 0.05421879, 0.07892494, 0.10303025,
       0.05371983, 0.07732179, 0.11173046, 0.05231683, 0.07792158,
       0.11202927, 0.05341516, 0.07572441]), 'split3_test_score': array([0.76712329, 0.89041096, 0.82191781, 0.76712329, 0.89041096,
       0.82191781, 0.76712329, 0.89041096, 0.82191781, 0.76712329,
       0.89041096, 0.82191781, 0.76712329, 0.89041096, 0.82191781,
       0.76712329, 0.89041096, 0.82191781, 0.76712329, 0.89041096,
       0.82191781, 0.76712329, 0.89041096, 0.82191781, 0.76712329,
       0.89041096, 0.82191781, 0.76712329, 0.89041096, 0.82191781,
       0.76712329, 0.89041096, 0.82191781, 0.76712329, 0.89041096,
       0.82191781, 0.76712329, 0.89041096, 0.82191781, 0.76712329,
       0.89041096, 0.82191781, 0.76712329, 0.89041096, 0.82191781,
       0.76712329, 0.89041096, 0.82191781]), 'std_fit_time': array([0.00282232, 0.0057829 , 0.00231631, 0.00162762, 0.0037184 ,
       0.00303689, 0.00185475, 0.0048054 , 0.00158117, 0.00299352,
       0.0061591 , 0.0021934 , 0.00238458, 0.00510393, 0.00190082,
       0.00216828, 0.00641431, 0.00173282, 0.0033412 , 0.00582153,
       0.00333335, 0.00424386, 0.00375568, 0.00245219, 0.0020471 ,
       0.00510243, 0.00334737, 0.00279948, 0.00451588, 0.00195809,
       0.00235902, 0.00440974, 0.00295497, 0.00397795, 0.00701815,
       0.00324248, 0.00322247, 0.00577453, 0.00247071, 0.00296478,
       0.00358106, 0.00306974, 0.00434052, 0.00316687, 0.0027005 ,
       0.00282945, 0.00471476, 0.0025728 ]), 'param_kernel': masked_array(data=['rbf', 'linear', 'poly', 'rbf', 'linear', 'poly',
                   'rbf', 'linear', 'poly', 'rbf', 'linear', 'poly',
                   'rbf', 'linear', 'poly', 'rbf', 'linear', 'poly',
                   'rbf', 'linear', 'poly', 'rbf', 'linear', 'poly',
                   'rbf', 'linear', 'poly', 'rbf', 'linear', 'poly',
                   'rbf', 'linear', 'poly', 'rbf', 'linear', 'poly',
                   'rbf', 'linear', 'poly', 'rbf', 'linear', 'poly',
                   'rbf', 'linear', 'poly', 'rbf', 'linear', 'poly'],
             mask=[False, False, False, False, False, False, False, False,
                   False, False, False, False, False, False, False, False,
                   False, False, False, False, False, False, False, False,
                   False, False, False, False, False, False, False, False,
                   False, False, False, False, False, False, False, False,
                   False, False, False, False, False, False, False, False],
       fill_value='?',
            dtype=object), 'split8_train_score': array([0.76793893, 1.        , 1.        , 0.76793893, 1.        ,
       1.        , 0.76793893, 1.        , 1.        , 0.76793893,
       1.        , 1.        , 0.76793893, 1.        , 1.        ,
       0.76793893, 1.        , 1.        , 0.76793893, 1.        ,
       1.        , 0.76793893, 1.        , 1.        , 1.        ,
       1.        , 1.        , 1.        , 1.        , 1.        ,
       1.        , 1.        , 1.        , 1.        , 1.        ,
       1.        , 1.        , 1.        , 1.        , 1.        ,
       1.        , 1.        , 1.        , 1.        , 1.        ,
       1.        , 1.        , 1.        ]), 'split6_test_score': array([0.76712329, 0.80821918, 0.83561644, 0.76712329, 0.80821918,
       0.83561644, 0.76712329, 0.80821918, 0.83561644, 0.76712329,
       0.80821918, 0.83561644, 0.76712329, 0.80821918, 0.83561644,
       0.76712329, 0.80821918, 0.83561644, 0.76712329, 0.80821918,
       0.83561644, 0.76712329, 0.80821918, 0.83561644, 0.76712329,
       0.80821918, 0.83561644, 0.76712329, 0.80821918, 0.83561644,
       0.76712329, 0.80821918, 0.83561644, 0.76712329, 0.80821918,
       0.83561644, 0.76712329, 0.80821918, 0.83561644, 0.76712329,
       0.80821918, 0.83561644, 0.76712329, 0.80821918, 0.83561644,
       0.76712329, 0.80821918, 0.83561644]), 'mean_test_score': array([0.76785714, 0.86126374, 0.83928571, 0.76785714, 0.86126374,
       0.83928571, 0.76785714, 0.86126374, 0.83928571, 0.76785714,
       0.86126374, 0.83928571, 0.76785714, 0.86126374, 0.83928571,
       0.76785714, 0.86126374, 0.83928571, 0.76785714, 0.86126374,
       0.83928571, 0.76785714, 0.86126374, 0.83928571, 0.76785714,
       0.86126374, 0.83928571, 0.76785714, 0.86126374, 0.83928571,
       0.76785714, 0.86126374, 0.83928571, 0.76785714, 0.86126374,
       0.83928571, 0.76785714, 0.86126374, 0.83928571, 0.76785714,
       0.86126374, 0.83928571, 0.76785714, 0.86126374, 0.83928571,
       0.76785714, 0.86126374, 0.83928571]), 'mean_score_time': array([0.01220322, 0.00270252, 0.00550144, 0.01080451, 0.00230329,
       0.00560634, 0.01190126, 0.00219893, 0.00540137, 0.01190314,
       0.00239904, 0.00550106, 0.01110477, 0.00250576, 0.005498  ,
       0.01040919, 0.00260301, 0.00550306, 0.0127084 , 0.00209703,
       0.0057029 , 0.01210124, 0.0023989 , 0.00580294, 0.0115047 ,
       0.00260415, 0.00560136, 0.01040239, 0.00210235, 0.00550156,
       0.01160653, 0.00229702, 0.00560639, 0.01170287, 0.00249884,
       0.00570319, 0.01130111, 0.00230401, 0.00560474, 0.01050076,
       0.0024008 , 0.00570135, 0.01170971, 0.00250247, 0.00570126,
       0.0117063 , 0.00230045, 0.00560181]), 'std_test_score': array([0.00223236, 0.03598095, 0.0444707 , 0.00223236, 0.03598095,
       0.0444707 , 0.00223236, 0.03598095, 0.0444707 , 0.00223236,
       0.03598095, 0.0444707 , 0.00223236, 0.03598095, 0.0444707 ,
       0.00223236, 0.03598095, 0.0444707 , 0.00223236, 0.03598095,
       0.0444707 , 0.00223236, 0.03598095, 0.0444707 , 0.00223236,
       0.03598095, 0.0444707 , 0.00223236, 0.03598095, 0.0444707 ,
       0.00223236, 0.03598095, 0.0444707 , 0.00223236, 0.03598095,
       0.0444707 , 0.00223236, 0.03598095, 0.0444707 , 0.00223236,
       0.03598095, 0.0444707 , 0.00223236, 0.03598095, 0.0444707 ,
       0.00223236, 0.03598095, 0.0444707 ]), 'split4_train_score': array([0.76793893, 1.        , 1.        , 0.76793893, 1.        ,
       1.        , 0.76793893, 1.        , 1.        , 0.76793893,
       1.        , 1.        , 0.76793893, 1.        , 1.        ,
       0.76793893, 1.        , 1.        , 0.76793893, 1.        ,
       1.        , 0.76793893, 1.        , 1.        , 1.        ,
       1.        , 1.        , 1.        , 1.        , 1.        ,
       1.        , 1.        , 1.        , 1.        , 1.        ,
       1.        , 1.        , 1.        , 1.        , 1.        ,
       1.        , 1.        , 1.        , 1.        , 1.        ,
       1.        , 1.        , 1.        ]), 'split5_test_score': array([0.76712329, 0.87671233, 0.84931507, 0.76712329, 0.87671233,
       0.84931507, 0.76712329, 0.87671233, 0.84931507, 0.76712329,
       0.87671233, 0.84931507, 0.76712329, 0.87671233, 0.84931507,
       0.76712329, 0.87671233, 0.84931507, 0.76712329, 0.87671233,
       0.84931507, 0.76712329, 0.87671233, 0.84931507, 0.76712329,
       0.87671233, 0.84931507, 0.76712329, 0.87671233, 0.84931507,
       0.76712329, 0.87671233, 0.84931507, 0.76712329, 0.87671233,
       0.84931507, 0.76712329, 0.87671233, 0.84931507, 0.76712329,
       0.87671233, 0.84931507, 0.76712329, 0.87671233, 0.84931507,
       0.76712329, 0.87671233, 0.84931507]), 'split8_test_score': array([0.76712329, 0.80821918, 0.7260274 , 0.76712329, 0.80821918,
       0.7260274 , 0.76712329, 0.80821918, 0.7260274 , 0.76712329,
       0.80821918, 0.7260274 , 0.76712329, 0.80821918, 0.7260274 ,
       0.76712329, 0.80821918, 0.7260274 , 0.76712329, 0.80821918,
       0.7260274 , 0.76712329, 0.80821918, 0.7260274 , 0.76712329,
       0.80821918, 0.7260274 , 0.76712329, 0.80821918, 0.7260274 ,
       0.76712329, 0.80821918, 0.7260274 , 0.76712329, 0.80821918,
       0.7260274 , 0.76712329, 0.80821918, 0.7260274 , 0.76712329,
       0.80821918, 0.7260274 , 0.76712329, 0.80821918, 0.7260274 ,
       0.76712329, 0.80821918, 0.7260274 ]), 'std_score_time': array([0.00097996, 0.00045952, 0.00050023, 0.00087503, 0.00045885,
       0.0004873 , 0.00138017, 0.00040105, 0.00049008, 0.00069496,
       0.00049181, 0.00049994, 0.00113614, 0.00050181, 0.00050032,
       0.0010222 , 0.00048875, 0.00067526, 0.00090056, 0.00030123,
       0.00045974, 0.00150928, 0.00049138, 0.00059797, 0.00135365,
       0.00048947, 0.00048984, 0.00066609, 0.00029951, 0.00050368,
       0.00128372, 0.00045726, 0.00049424, 0.00064335, 0.00050173,
       0.00064126, 0.00090164, 0.0004597 , 0.00048587, 0.00092095,
       0.0004902 , 0.00045855, 0.00090469, 0.00049839, 0.00045843,
       0.00089959, 0.00045862, 0.00048905])}
SVC(C=0.01, cache_size=200, class_weight=None, coef0=0.0,
  decision_function_shape='ovr', degree=3, gamma=0.004, kernel='linear',
  max_iter=-1, probability=False, random_state=None, shrinking=True,
  tol=0.001, verbose=False)
Stop grid search 2019-01-04 23:56:57.290563
Elapsed grid search time 0:00:17.979874
Start learning with best params at 2019-01-04 23:56:57.290563
Stop learning 2019-01-04 23:57:13.546783
Elapsed learning time 0:00:16.256220
Printing Test labels
[ 1  1  1  1  1  1  1  1 -1  1  1  1  1  1  1  1  1  1  1  1  1  1  1  1
 -1  1  1  1 -1  1  1  1  1 -1  1  1  1  1  1  1  1  1  1  1 -1  1  1  1
  1  1  1  1  1  1  1  1 -1  1 -1  1  1 -1 -1 -1  1  1  1 -1  1  1  1  1
  1  1  1  1  1  1  1  1  1  1  1  1  1  1  1  1  1  1  1 -1  1  1  1  1
 -1  1  1 -1  1  1  1 -1  1  1  1  1  1 -1  1  1  1  1  1  1  1  1  1  1
  1 -1  1  1 -1  1  1  1  1  1  1 -1  1  1  1  1  1  1  1  1 -1  1 -1  1
  1  1  1 -1  1  1 -1  1  1  1  1  1 -1  1  1 -1 -1  1  1  1  1  1  1  1
  1 -1 -1  1  1  1 -1  1 -1  1 -1  1 -1  1  1  1  1  1  1  1  1 -1  1  1
  1  1  1  1 -1  1  1 -1 -1  1  1  1  1 -1  1  1  1 -1  1  1  1  1  1  1
  1  1  1  1  1  1  1  1 -1  1  1  1  1  1  1 -1  1  1  1 -1  1  1  1  1
  1  1  1  1  1  1  1 -1 -1  1  1  1  1  1 -1  1  1  1  1  1 -1  1  1  1
  1  1  1  1  1  1  1  1  1 -1 -1  1  1 -1  1  1  1  1  1  1 -1  1  1  1
 -1  1  1  1  1  1  1  1  1  1  1 -1  1  1  1  1  1 -1  1 -1  1  1  1  1
  1  1  1  1  1  1  1  1  1  1 -1  1  1  1 -1  1  1  1 -1  1  1  1  1  1
  1  1 -1  1  1  1 -1 -1  1 -1 -1  1  1  1  1  1  1  1  1  1  1  1  1  1
 -1 -1  1  1  1  1 -1  1  1  1  1  1  1  1  1  1  1  1 -1 -1  1  1  1 -1
  1  1  1  1  1  1  1  1  1 -1  1  1 -1  1 -1  1 -1  1  1  1  1 -1  1  1
  1  1  1  1  1  1  1  1  1  1 -1  1  1  1  1  1 -1  1  1  1 -1  1  1  1
  1  1 -1  1  1  1  1  1  1  1 -1  1  1  1 -1  1  1  1  1 -1 -1  1 -1  1
 -1  1 -1  1  1  1 -1  1  1 -1  1  1 -1  1  1  1  1  1 -1  1  1  1 -1  1
  1  1  1  1  1 -1  1  1  1  1  1 -1  1  1 -1  1  1  1  1  1  1  1  1  1
  1  1  1  1  1  1  1  1  1  1  1  1  1 -1  1  1  1  1  1  1  1  1  1 -1
 -1  1  1  1  1  1  1  1 -1  1  1  1  1  1  1  1 -1  1  1  1 -1  1  1  1
 -1  1  1  1  1  1  1  1  1  1  1  1 -1  1  1  1  1 -1  1  1 -1  1  1  1
  1  1 -1  1  1  1  1  1  1  1  1  1  1  1  1  1  1  1  1  1  1  1  1  1
  1  1 -1  1 -1 -1  1 -1  1  1  1  1  1  1  1  1  1  1  1  1 -1  1  1  1
  1  1 -1  1 -1 -1  1  1 -1 -1  1  1  1  1  1  1  1  1  1 -1  1  1 -1  1
  1  1  1  1  1  1  1  1  1  1 -1  1  1  1  1  1  1  1 -1  1  1  1  1 -1
  1  1 -1 -1  1 -1  1  1  1  1 -1  1  1  1  1  1  1  1 -1  1  1 -1  1  1
  1  1  1  1  1  1 -1 -1  1  1  1  1  1  1 -1  1  1  1  1  1 -1  1 -1  1
  1  1  1  1  1 -1  1  1  1  1  1  1  1  1  1  1  1  1  1  1  1  1  1  1
  1  1  1  1  1  1  1  1  1  1  1  1  1  1  1  1  1  1  1  1 -1  1  1 -1
  1 -1 -1  1  1  1 -1  1  1  1  1 -1  1  1 -1  1  1  1  1 -1  1 -1  1  1
 -1  1  1 -1 -1  1  1  1  1  1  1  1 -1  1  1  1 -1  1 -1  1  1  1  1 -1
 -1  1  1  1 -1  1  1  1  1  1  1 -1 -1 -1 -1 -1  1  1  1 -1 -1  1  1 -1
  1  1  1  1  1  1  1  1  1  1 -1  1  1  1  1  1  1  1  1  1  1  1  1 -1
  1  1  1  1 -1  1  1  1 -1  1  1  1  1  1 -1  1  1  1  1  1  1  1  1 -1
  1  1  1  1  1 -1  1  1  1  1 -1  1  1  1  1  1  1  1  1 -1  1 -1]
<class 'numpy.ndarray'>
Printing our predictions
[ 1  1  1  1  1  1  1  1 -1  1  1  1  1  1  1  1  1  1  1  1  1  1 -1  1
 -1  1  1  1  1  1  1  1  1  1  1  1  1  1  1  1  1  1  1  1 -1  1  1  1
  1  1  1  1  1  1 -1  1 -1  1 -1  1  1 -1 -1 -1  1  1  1 -1  1  1  1  1
  1  1  1  1  1  1  1  1  1  1  1  1  1  1  1  1 -1  1  1 -1 -1  1  1  1
 -1  1  1 -1  1  1  1 -1  1  1  1 -1  1  1  1  1  1 -1  1  1  1  1  1  1
  1 -1  1  1 -1  1  1  1  1  1  1  1  1  1  1  1  1  1  1  1 -1  1 -1  1
  1  1  1  1  1 -1  1  1  1  1  1  1 -1  1  1 -1 -1  1  1  1  1  1  1  1
  1 -1 -1  1  1  1 -1  1 -1  1  1  1 -1  1  1  1  1  1  1  1  1 -1  1  1
 -1  1  1  1 -1  1  1 -1 -1  1  1  1 -1 -1  1  1  1 -1  1  1  1  1  1  1
 -1  1  1  1  1  1  1  1 -1  1  1  1  1  1  1 -1  1  1  1 -1  1  1  1  1
  1  1 -1  1  1  1  1 -1 -1  1  1  1  1  1 -1  1  1  1  1  1 -1  1  1  1
  1  1  1  1  1  1  1  1  1 -1 -1  1  1 -1 -1  1  1  1  1  1  1  1  1  1
 -1  1 -1  1  1  1  1  1  1  1  1 -1  1  1  1  1  1 -1  1 -1  1  1  1  1
  1  1  1  1  1  1  1  1  1  1 -1  1  1  1 -1  1  1  1 -1  1  1  1  1  1
  1  1  1  1  1  1 -1 -1  1 -1 -1  1  1  1  1  1  1  1  1 -1  1 -1  1  1
 -1 -1  1  1  1 -1 -1  1  1  1  1  1  1  1  1  1  1  1 -1  1  1  1  1 -1
  1  1  1  1  1  1  1  1  1 -1  1  1  1  1 -1  1 -1 -1  1  1  1 -1  1 -1
  1  1  1  1  1  1  1  1  1  1 -1  1  1  1  1  1  1  1  1  1 -1  1  1  1
  1  1 -1  1  1  1  1  1  1  1 -1  1  1 -1 -1  1  1 -1  1 -1 -1  1 -1 -1
 -1  1 -1  1  1  1 -1  1  1 -1  1  1 -1  1  1  1  1  1 -1  1  1  1  1  1
  1  1  1  1  1 -1  1  1  1  1  1 -1  1  1  1  1  1  1  1  1  1  1  1  1
  1  1  1  1  1 -1  1  1  1  1  1  1  1 -1 -1  1  1  1  1  1  1  1  1 -1
 -1  1  1  1  1  1  1  1 -1  1  1  1  1 -1  1  1 -1  1  1 -1 -1  1 -1  1
 -1  1 -1  1  1  1  1  1  1  1  1  1  1  1  1  1  1 -1  1  1  1  1  1  1
  1  1  1  1  1  1  1  1  1  1  1  1  1  1  1  1  1  1  1 -1  1  1  1  1
  1  1 -1  1 -1  1  1 -1  1 -1  1  1  1  1 -1  1 -1 -1  1  1 -1  1  1  1
  1  1 -1 -1 -1  1  1  1 -1 -1  1  1  1  1  1  1  1  1  1  1  1  1 -1 -1
  1  1 -1  1  1  1  1  1  1  1 -1  1  1  1  1  1  1  1 -1  1  1  1  1 -1
  1  1 -1  1  1  1  1  1  1  1 -1  1  1  1  1  1  1  1 -1  1  1 -1  1  1
  1  1  1  1  1  1 -1 -1  1  1  1  1  1  1 -1  1  1 -1  1  1  1  1  1  1
  1  1  1 -1  1 -1  1  1  1  1  1  1  1  1  1  1  1  1  1  1 -1  1  1  1
  1  1  1  1  1  1  1  1  1  1  1  1  1  1 -1  1  1 -1  1  1 -1  1  1 -1
  1 -1 -1  1  1  1 -1  1  1  1  1  1 -1  1 -1  1  1  1  1  1  1 -1  1 -1
 -1  1  1 -1 -1  1  1  1  1  1  1  1 -1  1  1  1 -1 -1  1  1  1 -1  1  1
 -1 -1 -1  1 -1  1  1  1  1  1  1 -1 -1 -1 -1 -1  1 -1 -1  1  1  1  1  1
  1 -1  1  1  1  1  1  1  1  1 -1  1 -1  1  1  1  1  1 -1  1  1  1  1 -1
  1  1  1  1 -1  1  1  1  1  1  1  1 -1  1 -1  1  1  1  1  1  1  1  1  1
  1  1  1  1  1 -1  1  1  1 -1 -1  1 -1  1  1  1  1  1  1  1  1 -1]
<class 'numpy.ndarray'>
0.9032967032967033
Classification report for classifier SVC(C=0.01, cache_size=200, class_weight=None, coef0=0.0,
  decision_function_shape='ovr', degree=3, gamma=0.004, kernel='linear',
  max_iter=-1, probability=False, random_state=None, shrinking=True,
  tol=0.001, verbose=False):
              precision    recall  f1-score   support

          -1       0.71      0.79      0.75       165
           1       0.95      0.93      0.94       745

   micro avg       0.90      0.90      0.90       910
   macro avg       0.83      0.86      0.84       910
weighted avg       0.91      0.90      0.91       910


Confusion matrix:
[[131  34]
 [ 54 691]]
Accuracy=0.9032967032967033
