X_train of shape: (3636, 250)
y_train of shape: (3636,)
X_test of shape: (910, 250)
y_test of shape: (910,)
X_train of shape: (2908, 250)
y_train of shape: (2908,)
X_val of shape: (728, 250)
y_val of shape: (728,)
X_test of shape: (910, 250)
y_test of shape: (910,)
Start grid search at 2019-01-04 21:52:52.811212
{'mean_score_time': array([0.01170316, 0.00140085, 0.00340052, 0.0100028 , 0.0012948 ,
       0.00320053, 0.0123045 , 0.001601  , 0.00340075, 0.01210322,
       0.00119882, 0.00320232, 0.01200123, 0.00100009, 0.00320065,
       0.0100028 , 0.00140049, 0.00340075, 0.01190305, 0.00120046,
       0.00310063, 0.01200612, 0.0011004 , 0.00310097, 0.01130488,
       0.00160081, 0.00339911, 0.01010113, 0.00120025, 0.00340102,
       0.01150424, 0.0014009 , 0.00299697, 0.01190789, 0.00110044,
       0.0031004 , 0.0111026 , 0.00150044, 0.00309889, 0.01000466,
       0.00130072, 0.00320046, 0.01190109, 0.00120046, 0.00310223,
       0.01120255, 0.00100074, 0.00300052]), 'mean_fit_time': array([0.10782721, 0.01410277, 0.03250754, 0.09632831, 0.01500742,
       0.03181255, 0.1077281 , 0.01510384, 0.03300879, 0.1112288 ,
       0.01470702, 0.03260856, 0.11193058, 0.01460409, 0.03260863,
       0.09802539, 0.0142035 , 0.03200855, 0.11022658, 0.01480353,
       0.03380852, 0.10892642, 0.01510546, 0.03230846, 0.10942998,
       0.01490376, 0.03261454, 0.09972477, 0.01500397, 0.03210807,
       0.10852866, 0.01450951, 0.03211205, 0.10942848, 0.01390362,
       0.03231111, 0.11292932, 0.01470389, 0.03281031, 0.10322652,
       0.01490383, 0.03230853, 0.11493082, 0.01430361, 0.03210716,
       0.11242898, 0.01500409, 0.03230639]), 'std_test_score': array([0.00347398, 0.00874077, 0.01272476, 0.00347398, 0.00874077,
       0.01272476, 0.00347398, 0.00874077, 0.01272476, 0.00347398,
       0.00874077, 0.01272476, 0.00347398, 0.00874077, 0.01272476,
       0.00347398, 0.00874077, 0.01272476, 0.00347398, 0.00874077,
       0.01272476, 0.00347398, 0.00874077, 0.01272476, 0.00347398,
       0.00874077, 0.01272476, 0.00347398, 0.00874077, 0.01272476,
       0.00347398, 0.00874077, 0.01272476, 0.00347398, 0.00874077,
       0.01272476, 0.00347398, 0.00874077, 0.01272476, 0.00347398,
       0.00874077, 0.01272476, 0.00347398, 0.00874077, 0.01272476,
       0.00347398, 0.00874077, 0.01272476]), 'split9_train_score': array([0.53810976, 1.        , 1.        , 0.53810976, 1.        ,
       1.        , 0.53810976, 1.        , 1.        , 0.53810976,
       1.        , 1.        , 0.53810976, 1.        , 1.        ,
       0.53810976, 1.        , 1.        , 0.53810976, 1.        ,
       1.        , 0.53810976, 1.        , 1.        , 1.        ,
       1.        , 1.        , 1.        , 1.        , 1.        ,
       1.        , 1.        , 1.        , 1.        , 1.        ,
       1.        , 1.        , 1.        , 1.        , 1.        ,
       1.        , 1.        , 1.        , 1.        , 1.        ,
       1.        , 1.        , 1.        ]), 'split8_test_score': array([0.54166667, 1.        , 0.95833333, 0.54166667, 1.        ,
       0.95833333, 0.54166667, 1.        , 0.95833333, 0.54166667,
       1.        , 0.95833333, 0.54166667, 1.        , 0.95833333,
       0.54166667, 1.        , 0.95833333, 0.54166667, 1.        ,
       0.95833333, 0.54166667, 1.        , 0.95833333, 0.54166667,
       1.        , 0.95833333, 0.54166667, 1.        , 0.95833333,
       0.54166667, 1.        , 0.95833333, 0.54166667, 1.        ,
       0.95833333, 0.54166667, 1.        , 0.95833333, 0.54166667,
       1.        , 0.95833333, 0.54166667, 1.        , 0.95833333,
       0.54166667, 1.        , 0.95833333]), 'split0_train_score': array([0.5382263, 1.       , 1.       , 0.5382263, 1.       , 1.       ,
       0.5382263, 1.       , 1.       , 0.5382263, 1.       , 1.       ,
       0.5382263, 1.       , 1.       , 0.5382263, 1.       , 1.       ,
       0.5382263, 1.       , 1.       , 0.5382263, 1.       , 1.       ,
       1.       , 1.       , 1.       , 1.       , 1.       , 1.       ,
       1.       , 1.       , 1.       , 1.       , 1.       , 1.       ,
       1.       , 1.       , 1.       , 1.       , 1.       , 1.       ,
       1.       , 1.       , 1.       , 1.       , 1.       , 1.       ]), 'param_C': masked_array(data=[0.01, 0.01, 0.01, 0.01, 0.01, 0.01, 0.01, 0.01, 0.01,
                   0.01, 0.01, 0.01, 0.1, 0.1, 0.1, 0.1, 0.1, 0.1, 0.1,
                   0.1, 0.1, 0.1, 0.1, 0.1, 1, 1, 1, 1, 1, 1, 1, 1, 1, 1,
                   1, 1, 10, 10, 10, 10, 10, 10, 10, 10, 10, 10, 10, 10],
             mask=[False, False, False, False, False, False, False, False,
                   False, False, False, False, False, False, False, False,
                   False, False, False, False, False, False, False, False,
                   False, False, False, False, False, False, False, False,
                   False, False, False, False, False, False, False, False,
                   False, False, False, False, False, False, False, False],
       fill_value='?',
            dtype=object), 'split5_train_score': array([0.5389313, 1.       , 1.       , 0.5389313, 1.       , 1.       ,
       0.5389313, 1.       , 1.       , 0.5389313, 1.       , 1.       ,
       0.5389313, 1.       , 1.       , 0.5389313, 1.       , 1.       ,
       0.5389313, 1.       , 1.       , 0.5389313, 1.       , 1.       ,
       1.       , 1.       , 1.       , 1.       , 1.       , 1.       ,
       1.       , 1.       , 1.       , 1.       , 1.       , 1.       ,
       1.       , 1.       , 1.       , 1.       , 1.       , 1.       ,
       1.       , 1.       , 1.       , 1.       , 1.       , 1.       ]), 'rank_test_score': array([33,  1, 17, 33,  1, 17, 33,  1, 17, 33,  1, 17, 33,  1, 17, 33,  1,
       17, 33,  1, 17, 33,  1, 17, 33,  1, 17, 33,  1, 17, 33,  1, 17, 33,
        1, 17, 33,  1, 17, 33,  1, 17, 33,  1, 17, 33,  1, 17]), 'split0_test_score': array([0.54054054, 0.97297297, 0.97297297, 0.54054054, 0.97297297,
       0.97297297, 0.54054054, 0.97297297, 0.97297297, 0.54054054,
       0.97297297, 0.97297297, 0.54054054, 0.97297297, 0.97297297,
       0.54054054, 0.97297297, 0.97297297, 0.54054054, 0.97297297,
       0.97297297, 0.54054054, 0.97297297, 0.97297297, 0.54054054,
       0.97297297, 0.97297297, 0.54054054, 0.97297297, 0.97297297,
       0.54054054, 0.97297297, 0.97297297, 0.54054054, 0.97297297,
       0.97297297, 0.54054054, 0.97297297, 0.97297297, 0.54054054,
       0.97297297, 0.97297297, 0.54054054, 0.97297297, 0.97297297,
       0.54054054, 0.97297297, 0.97297297]), 'split4_test_score': array([0.53424658, 1.        , 0.94520548, 0.53424658, 1.        ,
       0.94520548, 0.53424658, 1.        , 0.94520548, 0.53424658,
       1.        , 0.94520548, 0.53424658, 1.        , 0.94520548,
       0.53424658, 1.        , 0.94520548, 0.53424658, 1.        ,
       0.94520548, 0.53424658, 1.        , 0.94520548, 0.53424658,
       1.        , 0.94520548, 0.53424658, 1.        , 0.94520548,
       0.53424658, 1.        , 0.94520548, 0.53424658, 1.        ,
       0.94520548, 0.53424658, 1.        , 0.94520548, 0.53424658,
       1.        , 0.94520548, 0.53424658, 1.        , 0.94520548,
       0.53424658, 1.        , 0.94520548]), 'split1_test_score': array([0.54054054, 1.        , 0.98648649, 0.54054054, 1.        ,
       0.98648649, 0.54054054, 1.        , 0.98648649, 0.54054054,
       1.        , 0.98648649, 0.54054054, 1.        , 0.98648649,
       0.54054054, 1.        , 0.98648649, 0.54054054, 1.        ,
       0.98648649, 0.54054054, 1.        , 0.98648649, 0.54054054,
       1.        , 0.98648649, 0.54054054, 1.        , 0.98648649,
       0.54054054, 1.        , 0.98648649, 0.54054054, 1.        ,
       0.98648649, 0.54054054, 1.        , 0.98648649, 0.54054054,
       1.        , 0.98648649, 0.54054054, 1.        , 0.98648649,
       0.54054054, 1.        , 0.98648649]), 'split2_train_score': array([0.5389313, 1.       , 1.       , 0.5389313, 1.       , 1.       ,
       0.5389313, 1.       , 1.       , 0.5389313, 1.       , 1.       ,
       0.5389313, 1.       , 1.       , 0.5389313, 1.       , 1.       ,
       0.5389313, 1.       , 1.       , 0.5389313, 1.       , 1.       ,
       1.       , 1.       , 1.       , 1.       , 1.       , 1.       ,
       1.       , 1.       , 1.       , 1.       , 1.       , 1.       ,
       1.       , 1.       , 1.       , 1.       , 1.       , 1.       ,
       1.       , 1.       , 1.       , 1.       , 1.       , 1.       ]), 'split7_test_score': array([0.54166667, 1.        , 0.97222222, 0.54166667, 1.        ,
       0.97222222, 0.54166667, 1.        , 0.97222222, 0.54166667,
       1.        , 0.97222222, 0.54166667, 1.        , 0.97222222,
       0.54166667, 1.        , 0.97222222, 0.54166667, 1.        ,
       0.97222222, 0.54166667, 1.        , 0.97222222, 0.54166667,
       1.        , 0.97222222, 0.54166667, 1.        , 0.97222222,
       0.54166667, 1.        , 0.97222222, 0.54166667, 1.        ,
       0.97222222, 0.54166667, 1.        , 0.97222222, 0.54166667,
       1.        , 0.97222222, 0.54166667, 1.        , 0.97222222,
       0.54166667, 1.        , 0.97222222]), 'param_gamma': masked_array(data=[0.004, 0.004, 0.004, 0.001, 0.001, 0.001, 0.01, 0.01,
                   0.01, 0.1, 0.1, 0.1, 0.004, 0.004, 0.004, 0.001, 0.001,
                   0.001, 0.01, 0.01, 0.01, 0.1, 0.1, 0.1, 0.004, 0.004,
                   0.004, 0.001, 0.001, 0.001, 0.01, 0.01, 0.01, 0.1, 0.1,
                   0.1, 0.004, 0.004, 0.004, 0.001, 0.001, 0.001, 0.01,
                   0.01, 0.01, 0.1, 0.1, 0.1],
             mask=[False, False, False, False, False, False, False, False,
                   False, False, False, False, False, False, False, False,
                   False, False, False, False, False, False, False, False,
                   False, False, False, False, False, False, False, False,
                   False, False, False, False, False, False, False, False,
                   False, False, False, False, False, False, False, False],
       fill_value='?',
            dtype=object), 'split2_test_score': array([0.53424658, 0.98630137, 0.95890411, 0.53424658, 0.98630137,
       0.95890411, 0.53424658, 0.98630137, 0.95890411, 0.53424658,
       0.98630137, 0.95890411, 0.53424658, 0.98630137, 0.95890411,
       0.53424658, 0.98630137, 0.95890411, 0.53424658, 0.98630137,
       0.95890411, 0.53424658, 0.98630137, 0.95890411, 0.53424658,
       0.98630137, 0.95890411, 0.53424658, 0.98630137, 0.95890411,
       0.53424658, 0.98630137, 0.95890411, 0.53424658, 0.98630137,
       0.95890411, 0.53424658, 0.98630137, 0.95890411, 0.53424658,
       0.98630137, 0.95890411, 0.53424658, 0.98630137, 0.95890411,
       0.53424658, 0.98630137, 0.95890411]), 'params': [{'gamma': 0.004, 'C': 0.01, 'kernel': 'rbf'}, {'gamma': 0.004, 'C': 0.01, 'kernel': 'linear'}, {'gamma': 0.004, 'C': 0.01, 'kernel': 'poly'}, {'gamma': 0.001, 'C': 0.01, 'kernel': 'rbf'}, {'gamma': 0.001, 'C': 0.01, 'kernel': 'linear'}, {'gamma': 0.001, 'C': 0.01, 'kernel': 'poly'}, {'gamma': 0.01, 'C': 0.01, 'kernel': 'rbf'}, {'gamma': 0.01, 'C': 0.01, 'kernel': 'linear'}, {'gamma': 0.01, 'C': 0.01, 'kernel': 'poly'}, {'gamma': 0.1, 'C': 0.01, 'kernel': 'rbf'}, {'gamma': 0.1, 'C': 0.01, 'kernel': 'linear'}, {'gamma': 0.1, 'C': 0.01, 'kernel': 'poly'}, {'gamma': 0.004, 'C': 0.1, 'kernel': 'rbf'}, {'gamma': 0.004, 'C': 0.1, 'kernel': 'linear'}, {'gamma': 0.004, 'C': 0.1, 'kernel': 'poly'}, {'gamma': 0.001, 'C': 0.1, 'kernel': 'rbf'}, {'gamma': 0.001, 'C': 0.1, 'kernel': 'linear'}, {'gamma': 0.001, 'C': 0.1, 'kernel': 'poly'}, {'gamma': 0.01, 'C': 0.1, 'kernel': 'rbf'}, {'gamma': 0.01, 'C': 0.1, 'kernel': 'linear'}, {'gamma': 0.01, 'C': 0.1, 'kernel': 'poly'}, {'gamma': 0.1, 'C': 0.1, 'kernel': 'rbf'}, {'gamma': 0.1, 'C': 0.1, 'kernel': 'linear'}, {'gamma': 0.1, 'C': 0.1, 'kernel': 'poly'}, {'gamma': 0.004, 'C': 1, 'kernel': 'rbf'}, {'gamma': 0.004, 'C': 1, 'kernel': 'linear'}, {'gamma': 0.004, 'C': 1, 'kernel': 'poly'}, {'gamma': 0.001, 'C': 1, 'kernel': 'rbf'}, {'gamma': 0.001, 'C': 1, 'kernel': 'linear'}, {'gamma': 0.001, 'C': 1, 'kernel': 'poly'}, {'gamma': 0.01, 'C': 1, 'kernel': 'rbf'}, {'gamma': 0.01, 'C': 1, 'kernel': 'linear'}, {'gamma': 0.01, 'C': 1, 'kernel': 'poly'}, {'gamma': 0.1, 'C': 1, 'kernel': 'rbf'}, {'gamma': 0.1, 'C': 1, 'kernel': 'linear'}, {'gamma': 0.1, 'C': 1, 'kernel': 'poly'}, {'gamma': 0.004, 'C': 10, 'kernel': 'rbf'}, {'gamma': 0.004, 'C': 10, 'kernel': 'linear'}, {'gamma': 0.004, 'C': 10, 'kernel': 'poly'}, {'gamma': 0.001, 'C': 10, 'kernel': 'rbf'}, {'gamma': 0.001, 'C': 10, 'kernel': 'linear'}, {'gamma': 0.001, 'C': 10, 'kernel': 'poly'}, {'gamma': 0.01, 'C': 10, 'kernel': 'rbf'}, {'gamma': 0.01, 'C': 10, 'kernel': 'linear'}, {'gamma': 0.01, 'C': 10, 'kernel': 'poly'}, {'gamma': 0.1, 'C': 10, 'kernel': 'rbf'}, {'gamma': 0.1, 'C': 10, 'kernel': 'linear'}, {'gamma': 0.1, 'C': 10, 'kernel': 'poly'}], 'split4_train_score': array([0.5389313, 1.       , 1.       , 0.5389313, 1.       , 1.       ,
       0.5389313, 1.       , 1.       , 0.5389313, 1.       , 1.       ,
       0.5389313, 1.       , 1.       , 0.5389313, 1.       , 1.       ,
       0.5389313, 1.       , 1.       , 0.5389313, 1.       , 1.       ,
       1.       , 1.       , 1.       , 1.       , 1.       , 1.       ,
       1.       , 1.       , 1.       , 1.       , 1.       , 1.       ,
       1.       , 1.       , 1.       , 1.       , 1.       , 1.       ,
       1.       , 1.       , 1.       , 1.       , 1.       , 1.       ]), 'split1_train_score': array([0.5382263, 1.       , 1.       , 0.5382263, 1.       , 1.       ,
       0.5382263, 1.       , 1.       , 0.5382263, 1.       , 1.       ,
       0.5382263, 1.       , 1.       , 0.5382263, 1.       , 1.       ,
       0.5382263, 1.       , 1.       , 0.5382263, 1.       , 1.       ,
       1.       , 1.       , 1.       , 1.       , 1.       , 1.       ,
       1.       , 1.       , 1.       , 1.       , 1.       , 1.       ,
       1.       , 1.       , 1.       , 1.       , 1.       , 1.       ,
       1.       , 1.       , 1.       , 1.       , 1.       , 1.       ]), 'split9_test_score': array([0.54166667, 0.98611111, 0.94444444, 0.54166667, 0.98611111,
       0.94444444, 0.54166667, 0.98611111, 0.94444444, 0.54166667,
       0.98611111, 0.94444444, 0.54166667, 0.98611111, 0.94444444,
       0.54166667, 0.98611111, 0.94444444, 0.54166667, 0.98611111,
       0.94444444, 0.54166667, 0.98611111, 0.94444444, 0.54166667,
       0.98611111, 0.94444444, 0.54166667, 0.98611111, 0.94444444,
       0.54166667, 0.98611111, 0.94444444, 0.54166667, 0.98611111,
       0.94444444, 0.54166667, 0.98611111, 0.94444444, 0.54166667,
       0.98611111, 0.94444444, 0.54166667, 0.98611111, 0.94444444,
       0.54166667, 0.98611111, 0.94444444]), 'param_kernel': masked_array(data=['rbf', 'linear', 'poly', 'rbf', 'linear', 'poly',
                   'rbf', 'linear', 'poly', 'rbf', 'linear', 'poly',
                   'rbf', 'linear', 'poly', 'rbf', 'linear', 'poly',
                   'rbf', 'linear', 'poly', 'rbf', 'linear', 'poly',
                   'rbf', 'linear', 'poly', 'rbf', 'linear', 'poly',
                   'rbf', 'linear', 'poly', 'rbf', 'linear', 'poly',
                   'rbf', 'linear', 'poly', 'rbf', 'linear', 'poly',
                   'rbf', 'linear', 'poly', 'rbf', 'linear', 'poly'],
             mask=[False, False, False, False, False, False, False, False,
                   False, False, False, False, False, False, False, False,
                   False, False, False, False, False, False, False, False,
                   False, False, False, False, False, False, False, False,
                   False, False, False, False, False, False, False, False,
                   False, False, False, False, False, False, False, False],
       fill_value='?',
            dtype=object), 'split6_test_score': array([0.54166667, 0.98611111, 0.97222222, 0.54166667, 0.98611111,
       0.97222222, 0.54166667, 0.98611111, 0.97222222, 0.54166667,
       0.98611111, 0.97222222, 0.54166667, 0.98611111, 0.97222222,
       0.54166667, 0.98611111, 0.97222222, 0.54166667, 0.98611111,
       0.97222222, 0.54166667, 0.98611111, 0.97222222, 0.54166667,
       0.98611111, 0.97222222, 0.54166667, 0.98611111, 0.97222222,
       0.54166667, 0.98611111, 0.97222222, 0.54166667, 0.98611111,
       0.97222222, 0.54166667, 0.98611111, 0.97222222, 0.54166667,
       0.98611111, 0.97222222, 0.54166667, 0.98611111, 0.97222222,
       0.54166667, 0.98611111, 0.97222222]), 'mean_train_score': array([0.53846168, 1.        , 1.        , 0.53846168, 1.        ,
       1.        , 0.53846168, 1.        , 1.        , 0.53846168,
       1.        , 1.        , 0.53846168, 1.        , 1.        ,
       0.53846168, 1.        , 1.        , 0.53846168, 1.        ,
       1.        , 0.53846168, 1.        , 1.        , 1.        ,
       1.        , 1.        , 1.        , 1.        , 1.        ,
       1.        , 1.        , 1.        , 1.        , 1.        ,
       1.        , 1.        , 1.        , 1.        , 1.        ,
       1.        , 1.        , 1.        , 1.        , 1.        ,
       1.        , 1.        , 1.        ]), 'split8_train_score': array([0.53810976, 1.        , 1.        , 0.53810976, 1.        ,
       1.        , 0.53810976, 1.        , 1.        , 0.53810976,
       1.        , 1.        , 0.53810976, 1.        , 1.        ,
       0.53810976, 1.        , 1.        , 0.53810976, 1.        ,
       1.        , 0.53810976, 1.        , 1.        , 1.        ,
       1.        , 1.        , 1.        , 1.        , 1.        ,
       1.        , 1.        , 1.        , 1.        , 1.        ,
       1.        , 1.        , 1.        , 1.        , 1.        ,
       1.        , 1.        , 1.        , 1.        , 1.        ,
       1.        , 1.        , 1.        ]), 'mean_test_score': array([0.53846154, 0.99038462, 0.96428571, 0.53846154, 0.99038462,
       0.96428571, 0.53846154, 0.99038462, 0.96428571, 0.53846154,
       0.99038462, 0.96428571, 0.53846154, 0.99038462, 0.96428571,
       0.53846154, 0.99038462, 0.96428571, 0.53846154, 0.99038462,
       0.96428571, 0.53846154, 0.99038462, 0.96428571, 0.53846154,
       0.99038462, 0.96428571, 0.53846154, 0.99038462, 0.96428571,
       0.53846154, 0.99038462, 0.96428571, 0.53846154, 0.99038462,
       0.96428571, 0.53846154, 0.99038462, 0.96428571, 0.53846154,
       0.99038462, 0.96428571, 0.53846154, 0.99038462, 0.96428571,
       0.53846154, 0.99038462, 0.96428571]), 'std_train_score': array([0.00038579, 0.        , 0.        , 0.00038579, 0.        ,
       0.        , 0.00038579, 0.        , 0.        , 0.00038579,
       0.        , 0.        , 0.00038579, 0.        , 0.        ,
       0.00038579, 0.        , 0.        , 0.00038579, 0.        ,
       0.        , 0.00038579, 0.        , 0.        , 0.        ,
       0.        , 0.        , 0.        , 0.        , 0.        ,
       0.        , 0.        , 0.        , 0.        , 0.        ,
       0.        , 0.        , 0.        , 0.        , 0.        ,
       0.        , 0.        , 0.        , 0.        , 0.        ,
       0.        , 0.        , 0.        ]), 'split7_train_score': array([0.53810976, 1.        , 1.        , 0.53810976, 1.        ,
       1.        , 0.53810976, 1.        , 1.        , 0.53810976,
       1.        , 1.        , 0.53810976, 1.        , 1.        ,
       0.53810976, 1.        , 1.        , 0.53810976, 1.        ,
       1.        , 0.53810976, 1.        , 1.        , 1.        ,
       1.        , 1.        , 1.        , 1.        , 1.        ,
       1.        , 1.        , 1.        , 1.        , 1.        ,
       1.        , 1.        , 1.        , 1.        , 1.        ,
       1.        , 1.        , 1.        , 1.        , 1.        ,
       1.        , 1.        , 1.        ]), 'split5_test_score': array([0.53424658, 0.98630137, 0.97260274, 0.53424658, 0.98630137,
       0.97260274, 0.53424658, 0.98630137, 0.97260274, 0.53424658,
       0.98630137, 0.97260274, 0.53424658, 0.98630137, 0.97260274,
       0.53424658, 0.98630137, 0.97260274, 0.53424658, 0.98630137,
       0.97260274, 0.53424658, 0.98630137, 0.97260274, 0.53424658,
       0.98630137, 0.97260274, 0.53424658, 0.98630137, 0.97260274,
       0.53424658, 0.98630137, 0.97260274, 0.53424658, 0.98630137,
       0.97260274, 0.53424658, 0.98630137, 0.97260274, 0.53424658,
       0.98630137, 0.97260274, 0.53424658, 0.98630137, 0.97260274,
       0.53424658, 0.98630137, 0.97260274]), 'split3_test_score': array([0.53424658, 0.98630137, 0.95890411, 0.53424658, 0.98630137,
       0.95890411, 0.53424658, 0.98630137, 0.95890411, 0.53424658,
       0.98630137, 0.95890411, 0.53424658, 0.98630137, 0.95890411,
       0.53424658, 0.98630137, 0.95890411, 0.53424658, 0.98630137,
       0.95890411, 0.53424658, 0.98630137, 0.95890411, 0.53424658,
       0.98630137, 0.95890411, 0.53424658, 0.98630137, 0.95890411,
       0.53424658, 0.98630137, 0.95890411, 0.53424658, 0.98630137,
       0.95890411, 0.53424658, 0.98630137, 0.95890411, 0.53424658,
       0.98630137, 0.95890411, 0.53424658, 0.98630137, 0.95890411,
       0.53424658, 0.98630137, 0.95890411]), 'std_fit_time': array([0.00407038, 0.00130044, 0.00128563, 0.00179524, 0.00134089,
       0.00132238, 0.00355206, 0.00122075, 0.00134206, 0.00321965,
       0.00148383, 0.00150124, 0.00221056, 0.00174464, 0.00101941,
       0.00194965, 0.00098024, 0.0015493 , 0.00337101, 0.00116651,
       0.00124931, 0.00291651, 0.00113654, 0.0011002 , 0.00185508,
       0.00151552, 0.00119844, 0.00179145, 0.00167336, 0.00130045,
       0.00261282, 0.00156987, 0.00122234, 0.00276452, 0.00122102,
       0.00127139, 0.00443869, 0.00100516, 0.00116694, 0.00213625,
       0.00157843, 0.00148697, 0.00428092, 0.00161467, 0.00104274,
       0.00420132, 0.00089511, 0.00134823]), 'split6_train_score': array([0.53810976, 1.        , 1.        , 0.53810976, 1.        ,
       1.        , 0.53810976, 1.        , 1.        , 0.53810976,
       1.        , 1.        , 0.53810976, 1.        , 1.        ,
       0.53810976, 1.        , 1.        , 0.53810976, 1.        ,
       1.        , 0.53810976, 1.        , 1.        , 1.        ,
       1.        , 1.        , 1.        , 1.        , 1.        ,
       1.        , 1.        , 1.        , 1.        , 1.        ,
       1.        , 1.        , 1.        , 1.        , 1.        ,
       1.        , 1.        , 1.        , 1.        , 1.        ,
       1.        , 1.        , 1.        ]), 'std_score_time': array([9.00104350e-04, 4.89667862e-04, 4.90018462e-04, 8.93301474e-04,
       4.62408772e-04, 4.00013161e-04, 1.18846680e-03, 4.90293852e-04,
       4.90018786e-04, 1.30043437e-03, 4.01386778e-04, 4.03662880e-04,
       1.00029990e-03, 1.54163009e-06, 4.00245622e-04, 7.74971725e-04,
       4.89862525e-04, 4.90456222e-04, 8.31072998e-04, 4.00054589e-04,
       3.00089729e-04, 9.97113058e-04, 3.00057813e-04, 5.38654798e-04,
       4.53827851e-04, 4.86484368e-04, 4.84260655e-04, 8.27083919e-04,
       4.00460081e-04, 4.89609610e-04, 8.11776190e-04, 4.89593998e-04,
       6.94514590e-06, 1.13629037e-03, 3.00678010e-04, 2.99772147e-04,
       8.30938394e-04, 5.00035463e-04, 3.00868775e-04, 7.72707937e-04,
       4.58370296e-04, 4.00161917e-04, 1.13627996e-03, 4.00054617e-04,
       3.02899823e-04, 7.48239404e-04, 6.41518786e-07, 4.47288574e-04]), 'split3_train_score': array([0.5389313, 1.       , 1.       , 0.5389313, 1.       , 1.       ,
       0.5389313, 1.       , 1.       , 0.5389313, 1.       , 1.       ,
       0.5389313, 1.       , 1.       , 0.5389313, 1.       , 1.       ,
       0.5389313, 1.       , 1.       , 0.5389313, 1.       , 1.       ,
       1.       , 1.       , 1.       , 1.       , 1.       , 1.       ,
       1.       , 1.       , 1.       , 1.       , 1.       , 1.       ,
       1.       , 1.       , 1.       , 1.       , 1.       , 1.       ,
       1.       , 1.       , 1.       , 1.       , 1.       , 1.       ])}
SVC(C=0.01, cache_size=200, class_weight=None, coef0=0.0,
  decision_function_shape='ovr', degree=3, gamma=0.004, kernel='linear',
  max_iter=-1, probability=False, random_state=None, shrinking=True,
  tol=0.001, verbose=False)
Stop grid search 2019-01-04 21:53:05.857912
Elapsed grid search time 0:00:13.046700
Start learning with best params at 2019-01-04 21:53:05.857912
Stop learning 2019-01-04 21:53:05.958933
Elapsed learning time 0:00:00.101021
Printing Test labels
[-1  1 -1 -1  1  1  1 -1  1  1 -1  1 -1 -1 -1 -1  1 -1 -1 -1 -1  1  1  1
  1 -1 -1 -1  1  1 -1  1  1  1  1 -1 -1 -1 -1 -1  1 -1  1  1  1 -1 -1 -1
 -1 -1 -1 -1  1 -1  1 -1  1 -1  1 -1  1  1  1  1 -1 -1 -1  1 -1 -1 -1 -1
 -1 -1 -1  1  1  1 -1 -1 -1 -1 -1 -1 -1 -1 -1 -1  1  1 -1  1  1 -1 -1 -1
  1 -1 -1  1 -1 -1 -1  1  1 -1 -1  1 -1  1  1 -1 -1  1 -1 -1  1 -1 -1 -1
 -1  1 -1 -1  1 -1 -1 -1 -1  1  1  1 -1  1 -1 -1 -1 -1 -1 -1  1  1  1 -1
  1 -1  1  1  1  1  1 -1 -1  1  1 -1  1 -1  1  1  1  1 -1 -1 -1 -1 -1 -1
 -1  1  1 -1  1  1  1 -1  1 -1  1 -1  1 -1 -1 -1 -1 -1 -1 -1 -1  1 -1 -1
  1  1 -1 -1  1 -1 -1  1  1  1 -1 -1 -1  1 -1 -1 -1  1 -1 -1 -1  1  1  1
  1 -1 -1 -1 -1 -1 -1 -1  1 -1  1 -1 -1  1 -1  1 -1 -1 -1  1  1 -1 -1  1
 -1 -1 -1 -1 -1 -1  1  1  1 -1 -1 -1 -1 -1  1  1 -1 -1  1 -1  1 -1  1 -1
 -1  1 -1  1  1 -1  1 -1 -1  1  1 -1 -1  1  1 -1 -1 -1 -1 -1  1 -1 -1 -1
  1  1  1 -1 -1 -1 -1 -1 -1 -1 -1  1  1 -1 -1  1 -1  1  1  1  1 -1  1 -1
 -1 -1 -1 -1 -1  1 -1 -1  1  1  1 -1 -1 -1  1 -1 -1  1  1 -1 -1 -1 -1 -1
 -1  1  1 -1 -1 -1  1  1 -1  1  1 -1  1 -1 -1 -1 -1 -1  1  1 -1 -1 -1 -1
  1  1 -1 -1  1  1  1 -1 -1 -1 -1 -1 -1 -1 -1 -1  1 -1  1  1 -1 -1 -1  1
 -1 -1 -1 -1 -1 -1 -1 -1 -1  1  1 -1  1 -1  1 -1  1  1  1 -1 -1  1  1  1
 -1 -1 -1 -1 -1 -1 -1 -1 -1  1  1  1 -1 -1 -1 -1  1 -1 -1 -1  1  1 -1 -1
 -1 -1  1 -1 -1  1  1 -1 -1 -1  1 -1 -1  1  1 -1 -1  1 -1  1  1 -1  1  1
  1 -1  1 -1  1 -1  1 -1  1  1 -1 -1  1  1 -1 -1  1 -1  1 -1  1 -1  1 -1
 -1 -1 -1 -1 -1  1  1 -1 -1 -1 -1  1 -1 -1  1 -1  1 -1 -1 -1 -1  1 -1 -1
  1  1 -1 -1 -1  1  1 -1 -1 -1  1 -1 -1  1 -1 -1 -1 -1  1 -1 -1 -1 -1  1
  1 -1 -1 -1 -1 -1  1  1  1 -1 -1  1 -1 -1 -1 -1  1 -1 -1 -1  1 -1  1  1
  1 -1  1 -1  1 -1 -1 -1 -1 -1  1 -1  1 -1 -1 -1 -1  1 -1  1  1 -1 -1  1
 -1  1  1  1 -1 -1 -1 -1 -1  1 -1 -1 -1 -1 -1 -1  1 -1  1  1 -1 -1  1  1
 -1 -1  1 -1  1  1 -1  1  1  1  1  1 -1 -1  1  1  1  1 -1 -1  1 -1 -1 -1
 -1 -1  1  1  1  1 -1 -1  1  1 -1  1  1  1 -1 -1 -1 -1 -1  1 -1 -1  1  1
 -1 -1  1  1  1  1 -1 -1 -1 -1  1 -1  1 -1 -1 -1 -1  1  1  1 -1 -1 -1  1
 -1 -1  1  1 -1  1 -1 -1 -1 -1  1 -1 -1 -1  1 -1 -1 -1  1 -1 -1  1 -1 -1
 -1  1 -1 -1 -1 -1  1  1 -1 -1  1  1 -1  1  1 -1  1 -1 -1 -1  1  1  1 -1
 -1 -1  1  1 -1  1  1 -1  1 -1 -1 -1 -1 -1 -1 -1 -1 -1 -1  1  1 -1  1 -1
 -1  1 -1 -1 -1  1 -1  1  1 -1 -1  1 -1 -1  1 -1 -1  1 -1  1  1 -1  1  1
  1  1  1 -1 -1  1  1 -1 -1 -1 -1  1  1 -1  1  1 -1  1  1  1 -1  1 -1 -1
  1  1  1  1  1  1 -1 -1  1  1  1 -1  1 -1  1  1  1  1  1 -1 -1  1 -1  1
  1  1  1  1  1 -1 -1  1  1 -1 -1  1  1  1  1  1 -1 -1 -1  1  1 -1 -1  1
  1  1 -1  1  1 -1  1 -1 -1 -1  1 -1  1 -1 -1  1 -1 -1 -1 -1 -1 -1 -1  1
  1  1 -1 -1  1  1 -1  1  1 -1  1 -1 -1 -1  1  1  1 -1  1  1  1 -1 -1  1
 -1 -1 -1 -1 -1  1  1  1  1  1  1 -1 -1 -1  1 -1 -1  1 -1  1  1  1]
<class 'numpy.ndarray'>
Printing our predictions
[-1  1 -1 -1  1  1  1 -1  1  1 -1  1 -1 -1 -1 -1  1 -1 -1 -1 -1  1  1  1
  1 -1 -1 -1  1  1 -1  1  1  1  1 -1 -1 -1 -1 -1  1 -1  1  1  1 -1 -1 -1
 -1 -1 -1 -1  1 -1  1 -1  1 -1  1 -1  1  1  1  1 -1 -1 -1  1 -1 -1 -1 -1
 -1 -1 -1  1  1  1 -1 -1 -1 -1 -1 -1 -1 -1 -1 -1  1  1 -1  1  1 -1 -1 -1
  1 -1 -1  1 -1 -1 -1  1  1 -1 -1  1 -1  1  1 -1 -1  1 -1 -1  1 -1 -1 -1
 -1  1 -1 -1  1 -1 -1 -1 -1  1  1  1 -1  1 -1 -1 -1 -1 -1 -1  1  1  1 -1
  1 -1  1  1  1  1  1 -1 -1  1  1 -1  1 -1  1  1  1  1 -1 -1 -1 -1 -1 -1
 -1  1  1 -1  1  1  1 -1  1 -1  1 -1  1 -1 -1 -1 -1 -1 -1 -1 -1  1 -1 -1
  1  1 -1 -1  1 -1 -1  1  1  1 -1 -1 -1  1 -1 -1 -1  1 -1 -1 -1  1  1  1
  1 -1 -1 -1 -1 -1 -1 -1  1 -1  1 -1 -1  1 -1  1 -1 -1 -1  1  1 -1 -1  1
  1 -1 -1 -1 -1 -1  1  1  1 -1 -1 -1 -1 -1  1  1 -1 -1  1 -1  1 -1  1 -1
 -1  1 -1  1  1 -1  1 -1 -1  1  1 -1 -1  1  1 -1 -1 -1 -1 -1  1 -1 -1 -1
  1  1  1 -1 -1 -1 -1 -1 -1 -1 -1  1  1 -1 -1  1 -1  1  1  1  1 -1  1 -1
 -1 -1 -1 -1 -1  1 -1 -1  1  1  1 -1 -1 -1  1 -1 -1  1  1 -1 -1 -1 -1 -1
 -1  1  1 -1 -1 -1  1  1 -1  1  1 -1  1 -1 -1 -1 -1 -1  1  1 -1 -1 -1 -1
  1 -1 -1 -1  1  1  1 -1 -1 -1 -1 -1 -1 -1 -1 -1  1 -1  1  1 -1 -1 -1  1
 -1 -1 -1 -1 -1 -1 -1 -1 -1  1  1 -1  1 -1  1 -1  1  1  1 -1 -1  1  1  1
 -1 -1 -1 -1 -1 -1 -1 -1 -1  1  1  1 -1 -1 -1 -1  1 -1 -1 -1  1  1 -1 -1
 -1 -1  1 -1 -1  1  1 -1 -1 -1  1 -1 -1  1  1 -1 -1  1 -1  1  1 -1  1  1
  1 -1  1 -1  1 -1  1 -1  1  1 -1 -1  1  1 -1 -1  1 -1  1 -1  1 -1  1 -1
 -1 -1 -1 -1 -1  1  1 -1 -1 -1 -1  1 -1 -1  1 -1  1 -1 -1 -1 -1  1 -1 -1
  1  1 -1 -1 -1  1  1 -1 -1 -1  1 -1 -1  1 -1 -1 -1 -1  1 -1 -1 -1 -1  1
  1 -1 -1 -1 -1 -1  1  1  1 -1 -1  1 -1 -1 -1 -1  1 -1 -1  1  1 -1  1  1
  1 -1  1 -1  1 -1 -1 -1 -1 -1  1 -1  1 -1 -1 -1 -1  1 -1  1  1 -1 -1  1
 -1  1  1  1 -1 -1 -1 -1 -1  1 -1 -1 -1 -1 -1 -1  1 -1  1  1 -1 -1  1  1
 -1 -1  1 -1  1  1 -1  1  1  1  1  1 -1 -1  1  1  1  1 -1 -1  1 -1 -1 -1
 -1 -1  1  1  1 -1 -1 -1  1  1 -1  1  1  1 -1 -1 -1 -1 -1  1 -1 -1  1  1
 -1 -1  1  1  1  1 -1 -1 -1 -1  1 -1  1 -1 -1 -1 -1  1  1  1 -1 -1 -1  1
 -1 -1  1  1 -1  1 -1 -1 -1 -1  1 -1 -1 -1  1 -1 -1 -1  1 -1 -1  1 -1 -1
 -1  1 -1 -1 -1 -1  1  1 -1 -1  1  1 -1  1  1 -1  1  1 -1 -1  1  1  1 -1
 -1 -1  1  1 -1  1  1 -1  1 -1 -1 -1 -1 -1 -1 -1 -1 -1 -1  1  1 -1  1 -1
 -1  1 -1 -1 -1  1 -1  1  1 -1 -1 -1 -1 -1  1 -1 -1  1 -1  1  1 -1  1  1
  1  1  1 -1 -1  1  1 -1 -1 -1 -1  1  1 -1  1  1 -1  1  1  1 -1  1 -1 -1
  1  1  1  1  1  1 -1 -1  1  1  1 -1  1 -1  1  1  1  1  1 -1 -1  1 -1  1
  1  1  1  1  1 -1 -1  1  1 -1 -1  1  1  1  1  1 -1 -1 -1  1  1 -1 -1  1
  1  1 -1  1  1 -1  1 -1 -1 -1  1 -1  1 -1 -1  1 -1 -1 -1 -1 -1 -1 -1  1
  1  1 -1 -1  1  1 -1  1  1 -1  1 -1 -1 -1 -1  1  1 -1  1  1  1 -1 -1  1
 -1 -1 -1 -1 -1  1  1  1  1  1  1 -1 -1 -1  1 -1 -1  1 -1  1  1  1]
<class 'numpy.ndarray'>
0.9923076923076923
Classification report for classifier SVC(C=0.01, cache_size=200, class_weight=None, coef0=0.0,
  decision_function_shape='ovr', degree=3, gamma=0.004, kernel='linear',
  max_iter=-1, probability=False, random_state=None, shrinking=True,
  tol=0.001, verbose=False):
              precision    recall  f1-score   support

          -1       0.99      0.99      0.99       529
           1       0.99      0.99      0.99       381

   micro avg       0.99      0.99      0.99       910
   macro avg       0.99      0.99      0.99       910
weighted avg       0.99      0.99      0.99       910


Confusion matrix:
[[526   3]
 [  4 377]]
Accuracy=0.9923076923076923
